# discrete_multiple_autonomous_cars
Tf = 2.0
v1 = 3.0
v2 = 2.0
v3 = 1.0
fixed_obstacles = [[ 6.   0.1  0. ]
 [20.   0.2  0. ]
 [35.   0.1  0. ]]
x0 = [15.   0.   0.   4.   0.5  0.   0.  -0.5  0. ]
gamma = 0.5
h_cbf = 5.0
Q = [[100.   0.   0.   0.   0.   0.   0.   0.   0.]
 [  0.  10.   0.   0.   0.   0.   0.   0.   0.]
 [  0.   0.  10.   0.   0.   0.   0.   0.   0.]
 [  0.   0.   0. 100.   0.   0.   0.   0.   0.]
 [  0.   0.   0.   0.  10.   0.   0.   0.   0.]
 [  0.   0.   0.   0.   0.  10.   0.   0.   0.]
 [  0.   0.   0.   0.   0.   0. 100.   0.   0.]
 [  0.   0.   0.   0.   0.   0.   0.  10.   0.]
 [  0.   0.   0.   0.   0.   0.   0.   0.  10.]]
R = [[10.  0.  0.  0.  0.  0.]
 [ 0. 10.  0.  0.  0.  0.]
 [ 0.  0. 10.  0.  0.  0.]
 [ 0.  0.  0. 10.  0.  0.]
 [ 0.  0.  0.  0. 10.  0.]
 [ 0.  0.  0.  0.  0. 10.]]
Q_e = [[100.   0.   0.   0.   0.   0.   0.   0.   0.]
 [  0.  10.   0.   0.   0.   0.   0.   0.   0.]
 [  0.   0.  10.   0.   0.   0.   0.   0.   0.]
 [  0.   0.   0. 100.   0.   0.   0.   0.   0.]
 [  0.   0.   0.   0.  10.   0.   0.   0.   0.]
 [  0.   0.   0.   0.   0.  10.   0.   0.   0.]
 [  0.   0.   0.   0.   0.   0. 100.   0.   0.]
 [  0.   0.   0.   0.   0.   0.   0.  10.   0.]
 [  0.   0.   0.   0.   0.   0.   0.   0.  10.]]
qp_solver = PARTIAL_CONDENSING_HPIPM
nlp_solver_type = SQP_RTI
qp_solver_iter_max = 50
nlp_solver_max_iter = 100
min_time = 0.07420992851257324
max_time = 0.16003036499023438
mean_time = 0.0808854927221934
std_time = 0.00421381041704368
cost integral1 = 601.2015363507313
cost integral2 = 238.16494957758533
cost integral3 = 74.5676332721508
