# discrete_multiple_autonomous_cars
Tf = 2.0
v1 = 3.0
v2 = 2.0
v3 = 1.0
fixed_obstacles = [[ 6.   0.1  0. ]
 [20.   0.2  0. ]
 [35.   0.1  0. ]]
x0 = [15.   0.   0.   4.   0.5  0.   0.  -0.5  0. ]
gamma = 0.5
h_cbf = 5.0
Q = [[100.   0.   0.   0.   0.   0.   0.   0.   0.]
 [  0.  10.   0.   0.   0.   0.   0.   0.   0.]
 [  0.   0.  10.   0.   0.   0.   0.   0.   0.]
 [  0.   0.   0. 100.   0.   0.   0.   0.   0.]
 [  0.   0.   0.   0.  10.   0.   0.   0.   0.]
 [  0.   0.   0.   0.   0.  10.   0.   0.   0.]
 [  0.   0.   0.   0.   0.   0. 100.   0.   0.]
 [  0.   0.   0.   0.   0.   0.   0.  10.   0.]
 [  0.   0.   0.   0.   0.   0.   0.   0.  10.]]
R = [[10.  0.  0.  0.  0.  0.]
 [ 0. 10.  0.  0.  0.  0.]
 [ 0.  0. 10.  0.  0.  0.]
 [ 0.  0.  0. 10.  0.  0.]
 [ 0.  0.  0.  0. 10.  0.]
 [ 0.  0.  0.  0.  0. 10.]]
Q_e = [[100.   0.   0.   0.   0.   0.   0.   0.   0.]
 [  0.  10.   0.   0.   0.   0.   0.   0.   0.]
 [  0.   0.  10.   0.   0.   0.   0.   0.   0.]
 [  0.   0.   0. 100.   0.   0.   0.   0.   0.]
 [  0.   0.   0.   0.  10.   0.   0.   0.   0.]
 [  0.   0.   0.   0.   0.  10.   0.   0.   0.]
 [  0.   0.   0.   0.   0.   0. 100.   0.   0.]
 [  0.   0.   0.   0.   0.   0.   0.  10.   0.]
 [  0.   0.   0.   0.   0.   0.   0.   0.  10.]]
qp_solver = PARTIAL_CONDENSING_HPIPM
nlp_solver_type = SQP_RTI
qp_solver_iter_max = 50
nlp_solver_max_iter = 100
computation_time = 363.11269450187683
